*Elset, elset=poly16
8968, 8969, 8980, 8981, 8982, 8983, 8984, 8994, 8995, 8996, 8997, 9248,
9249, 9260, 9261, 9262, 9263, 9264, 9273, 9274, 9275, 9276, 9277, 9278,
9288, 9289, 9290, 9291, 9292, 9302, 9303, 9304, 9305, 9306, 9540, 9541,
9542, 9543, 9554, 9555, 9556, 9557, 9558, 9567, 9568, 9569, 9570, 9571,
9572, 9582, 9583, 9584, 9585, 9586, 9587, 9596, 9597, 9598, 9599, 9600,
9611, 9612, 9613, 9614, 9834, 9835, 9836, 9837, 9848, 9849, 9850, 9851,
9861, 9862, 9863, 9864, 9865, 9866, 9876, 9877, 9878, 9879, 9880, 9890,
9891, 9892, 9893, 9894, 9895, 9905, 9906, 9907, 9908, 9921, 10128,
10129, 10130, 10131, 10142, 10143, 10144, 10145, 10155, 10156, 10157,
10158, 10159, 10160, 10170, 10171, 10172, 10173, 10174, 10184, 10185,
10186, 10187, 10188, 10199, 10200, 10201, 10202
