*Elset, elset=poly37
9058, 9335, 9336, 9337, 9338, 9348, 9349, 9350, 9351, 9352, 9362, 9363,
9364, 9365, 9366, 9377, 9378, 9379, 9380, 9391, 9392, 9393, 9394, 9408,
9615, 9616, 9617, 9618, 9628, 9629, 9630, 9631, 9632, 9642, 9643, 9644,
9645, 9646, 9656, 9657, 9658, 9659, 9660, 9670, 9671, 9672, 9673, 9674,
9685, 9686, 9687, 9688, 9699, 9700, 9701, 9702, 9909, 9910, 9911, 9912,
9922, 9923, 9924, 9925, 9926, 9936, 9937, 9938, 9939, 9940, 9950, 9951,
9952, 9953, 9954, 9964, 9965, 9966, 9967, 9968, 9978, 9979, 9980, 9981,
9982, 9993, 9994, 9995, 9996, 10203, 10204, 10205, 10206, 10215, 10216,
10217, 10218, 10219, 10220, 10230, 10231, 10232, 10233, 10234, 10244,
10245, 10246, 10247, 10248, 10258, 10259, 10260, 10261, 10262, 10272,
10273, 10274, 10275, 10276, 10286, 10287, 10288, 10289, 10290
