*Elset, elset=poly77
4943, 4944, 4945, 4946, 4957, 4958, 4959, 4960, 4971, 4972, 4973, 4974,
4985, 4986, 4987, 4988, 5237, 5238, 5239, 5240, 5241, 5251, 5252, 5253,
5254, 5255, 5265, 5266, 5267, 5268, 5269, 5279, 5280, 5281, 5282, 5283,
5517, 5518, 5519, 5520, 5531, 5532, 5533, 5534, 5545, 5546, 5547, 5548,
5549, 5559, 5560, 5561, 5562, 5563, 5573, 5574, 5575, 5576, 5577, 5811,
5812, 5813, 5814, 5825, 5826, 5827, 5828, 5839, 5840, 5841, 5842, 5843,
5853, 5854, 5855, 5856, 5857, 5867, 5868, 5869, 5870, 5871, 6105, 6106,
6107, 6119, 6120, 6121, 6122, 6133, 6134, 6135, 6136, 6147, 6148, 6149,
6150, 6151, 6161, 6162, 6163, 6164, 6165, 6413, 6427, 6441, 6455
