*Elset, elset=poly17
4337, 4589, 4590, 4591, 4592, 4603, 4604, 4605, 4606, 4616, 4617, 4618,
4619, 4620, 4630, 4631, 4632, 4633, 4634, 4644, 4645, 4646, 4647, 4648,
4872, 4882, 4883, 4884, 4885, 4886, 4896, 4897, 4898, 4899, 4900, 4910,
4911, 4912, 4913, 4914, 4924, 4925, 4926, 4927, 4928, 4938, 4939, 4940,
4941, 4942, 5163, 5164, 5176, 5177, 5178, 5179, 5180, 5189, 5190, 5191,
5192, 5193, 5194, 5203, 5204, 5205, 5206, 5207, 5208, 5217, 5218, 5219,
5220, 5221, 5222, 5232, 5233, 5234, 5235, 5236, 5471, 5472, 5473, 5474,
5484, 5485, 5486, 5487, 5488, 5498, 5499, 5500, 5501, 5502, 5512, 5513,
5514, 5515, 5516
