*Elset, elset=poly25
5122, 5123, 5124, 5136, 5137, 5138, 5150, 5151, 5152, 5165, 5166, 5402,
5403, 5404, 5415, 5416, 5417, 5418, 5429, 5430, 5431, 5432, 5443, 5444,
5445, 5446, 5457, 5458, 5459, 5460, 5682, 5683, 5684, 5695, 5696, 5697,
5698, 5709, 5710, 5711, 5712, 5723, 5724, 5725, 5726, 5737, 5738, 5739,
5740, 5751, 5752, 5753, 5754, 5767, 5768, 5977, 5978, 5990, 5991, 5992,
6003, 6004, 6005, 6006, 6016, 6017, 6018, 6019, 6020, 6031, 6032, 6033,
6034, 6046, 6047, 6048, 6271, 6272, 6284, 6285, 6286, 6297, 6298, 6299,
6300, 6311, 6312, 6313, 6314, 6325, 6326, 6327, 6328, 6340, 6341, 6342,
6592, 6593, 6594, 6606, 6607, 6608
