*Elset, elset=poly34
6, 7, 8, 9, 20, 21, 22, 23, 34, 35, 36, 37, 49, 50, 299, 300,
301, 302, 303, 314, 315, 316, 317, 328, 329, 330, 331, 343, 344, 345,
593, 594, 595, 596, 597, 607, 608, 609, 610, 611, 622, 623, 624, 625,
636, 637, 638, 639, 887, 888, 889, 890, 891, 901, 902, 903, 904, 905,
915, 916, 917, 918, 919, 930, 931, 932, 933, 1181, 1182, 1183, 1184,
1185, 1186, 1195, 1196, 1197, 1198, 1199, 1200, 1209, 1210, 1211, 1212,
1213, 1223, 1224, 1225, 1226, 1475, 1476, 1477, 1478, 1479, 1480, 1489,
1490, 1491, 1492, 1493, 1494, 1503, 1504, 1505, 1506, 1507, 1518, 1519,
1770, 1771, 1772, 1773, 1784, 1785, 1786, 1787, 1799, 1800
