*Elset, elset=poly59
3358, 3371, 3650, 3651, 3652, 3653, 3654, 3664, 3665, 3666, 3667, 3668,
3678, 3679, 3680, 3681, 3682, 3693, 3930, 3931, 3932, 3933, 3944, 3945,
3946, 3947, 3948, 3958, 3959, 3960, 3961, 3962, 3971, 3972, 3973, 3974,
3975, 3976, 3986, 3987, 3988, 3989, 3990, 4224, 4225, 4226, 4227, 4228,
4238, 4239, 4240, 4241, 4242, 4251, 4252, 4253, 4254, 4255, 4256, 4265,
4266, 4267, 4268, 4269, 4270, 4280, 4281, 4282, 4283, 4284, 4295, 4533,
4534, 4535, 4536, 4546, 4547, 4548, 4549, 4550, 4560, 4561, 4562, 4563,
4564, 4574, 4575, 4576, 4577, 4578, 4828, 4841, 4842, 4843, 4844, 4855,
4856, 4857, 4858, 4869, 4870, 4871
