*Elset, elset=poly11
9064, 9065, 9077, 9078, 9079, 9080, 9081, 9091, 9092, 9093, 9094, 9095,
9105, 9106, 9107, 9108, 9109, 9344, 9345, 9357, 9358, 9359, 9360, 9361,
9371, 9372, 9373, 9374, 9375, 9376, 9385, 9386, 9387, 9388, 9389, 9390,
9399, 9400, 9401, 9402, 9403, 9404, 9625, 9638, 9639, 9640, 9641, 9651,
9652, 9653, 9654, 9655, 9665, 9666, 9667, 9668, 9669, 9679, 9680, 9681,
9682, 9683, 9684, 9693, 9694, 9695, 9696, 9697, 9698, 9919, 9920, 9932,
9933, 9934, 9935, 9945, 9946, 9947, 9948, 9949, 9959, 9960, 9961, 9962,
9963, 9974, 9975, 9976, 9977, 9988, 9989, 9990, 9991, 9992, 10213,
10214, 10226, 10227, 10228, 10229, 10239, 10240, 10241, 10242, 10243,
10254, 10255, 10256, 10257, 10268, 10269, 10270, 10271, 10282, 10283,
10284, 10285
