*Elset, elset=poly95
1331, 1345, 1346, 1347, 1611, 1612, 1613, 1625, 1626, 1627, 1639, 1640,
1641, 1642, 1653, 1654, 1655, 1656, 1667, 1668, 1669, 1905, 1906, 1907,
1919, 1920, 1921, 1922, 1933, 1934, 1935, 1936, 1947, 1948, 1949, 1950,
1961, 1962, 1963, 1975, 1976, 1977, 2185, 2186, 2187, 2199, 2200, 2201,
2213, 2214, 2215, 2216, 2227, 2228, 2229, 2230, 2241, 2242, 2243, 2244,
2255, 2256, 2257, 2258, 2269, 2270, 2271, 2479, 2480, 2481, 2493, 2494,
2495, 2507, 2508, 2509, 2510, 2521, 2522, 2523, 2524, 2535, 2536, 2537,
2538, 2549, 2550, 2551, 2552, 2563, 2564, 2787, 2788, 2789, 2801, 2802,
2803, 2815, 2816, 2817, 2829, 2830, 2831, 2843
