*Elset, elset=poly6
8883, 8884, 8885, 8896, 8897, 8898, 8899, 8900, 8911, 8912, 8913, 8927,
9164, 9165, 9176, 9177, 9178, 9179, 9180, 9189, 9190, 9191, 9192, 9193,
9194, 9203, 9204, 9205, 9206, 9207, 9208, 9219, 9220, 9221, 9235, 9457,
9458, 9459, 9470, 9471, 9472, 9473, 9474, 9483, 9484, 9485, 9486, 9487,
9488, 9489, 9497, 9498, 9499, 9500, 9501, 9502, 9503, 9512, 9513, 9514,
9515, 9516, 9526, 9527, 9528, 9529, 9738, 9751, 9752, 9753, 9764, 9765,
9766, 9767, 9768, 9777, 9778, 9779, 9780, 9781, 9782, 9783, 9791, 9792,
9793, 9794, 9795, 9796, 9806, 9807, 9808, 9809, 9810, 9820, 9821, 9822,
9823, 10032, 10045, 10046, 10047, 10058, 10059, 10060, 10061, 10062,
10071, 10072, 10073, 10074, 10075, 10076, 10077, 10085, 10086, 10087,
10088, 10089, 10090, 10100, 10101, 10102, 10103, 10114, 10115, 10116,
10117
