*Elset, elset=poly13
2064, 2065, 2066, 2067, 2078, 2079, 2080, 2081, 2093, 2094, 2095, 2358,
2359, 2360, 2361, 2372, 2373, 2374, 2375, 2386, 2387, 2388, 2389, 2401,
2402, 2403, 2652, 2653, 2654, 2655, 2666, 2667, 2668, 2669, 2680, 2681,
2682, 2683, 2694, 2695, 2696, 2697, 2698, 2710, 2945, 2946, 2947, 2948,
2949, 2950, 2959, 2960, 2961, 2962, 2963, 2964, 2973, 2974, 2975, 2976,
2977, 2978, 2987, 2988, 2989, 2990, 2991, 2992, 3003, 3004, 3005, 3239,
3240, 3241, 3242, 3243, 3253, 3254, 3255, 3256, 3257, 3258, 3267, 3268,
3269, 3270, 3271, 3272, 3281, 3282, 3283, 3284, 3285, 3286, 3534, 3535,
3536, 3548, 3549, 3550, 3551, 3562, 3563, 3564, 3565, 3829, 3843, 3844
