*Elset, elset=poly99
8537, 8538, 8539, 8540, 8551, 8552, 8553, 8554, 8565, 8566, 8567, 8568,
8579, 8580, 8581, 8582, 8594, 8595, 8596, 8830, 8831, 8832, 8833, 8834,
8844, 8845, 8846, 8847, 8848, 8858, 8859, 8860, 8861, 8862, 8872, 8873,
8874, 8875, 8876, 8887, 8888, 8889, 8890, 9124, 9125, 9126, 9127, 9128,
9138, 9139, 9140, 9141, 9142, 9152, 9153, 9154, 9155, 9156, 9166, 9167,
9168, 9169, 9170, 9181, 9182, 9183, 9184, 9196, 9197, 9198, 9417, 9418,
9419, 9420, 9421, 9422, 9431, 9432, 9433, 9434, 9435, 9436, 9445, 9446,
9447, 9448, 9449, 9450, 9460, 9461, 9462, 9463, 9464, 9475, 9476, 9477,
9478, 9490, 9491, 9492, 9711, 9712, 9713, 9714, 9715, 9716, 9725, 9726,
9727, 9728, 9729, 9730, 9739, 9740, 9741, 9742, 9743, 9744, 9754, 9755,
9756, 9757, 9758, 9769, 9770, 9771, 9772, 9784, 10005, 10006, 10007,
10008, 10009, 10010, 10019, 10020, 10021, 10022, 10023, 10024, 10033,
10034, 10035, 10036, 10037, 10038, 10048, 10049, 10050, 10051, 10052,
10063, 10064, 10065, 10066
