*Elset, elset=poly14
9240, 9253, 9254, 9266, 9267, 9268, 9280, 9281, 9282, 9504, 9505, 9506,
9517, 9518, 9519, 9520, 9530, 9531, 9532, 9533, 9534, 9544, 9545, 9546,
9547, 9548, 9559, 9560, 9561, 9562, 9573, 9574, 9575, 9576, 9588, 9589,
9590, 9604, 9785, 9786, 9797, 9798, 9799, 9800, 9811, 9812, 9813, 9814,
9824, 9825, 9826, 9827, 9828, 9838, 9839, 9840, 9841, 9842, 9852, 9853,
9854, 9855, 9856, 9867, 9868, 9869, 9870, 9881, 9882, 9883, 9884, 9896,
9897, 9898, 10078, 10079, 10080, 10091, 10092, 10093, 10094, 10104,
10105, 10106, 10107, 10108, 10118, 10119, 10120, 10121, 10122, 10132,
10133, 10134, 10135, 10136, 10146, 10147, 10148, 10149, 10150, 10161,
10162, 10163, 10164, 10175, 10176, 10177, 10178, 10189, 10190, 10191,
10192
