*Elset, elset=poly80
206, 207, 208, 209, 210, 220, 221, 222, 223, 224, 233, 234, 235, 236,
237, 238, 247, 248, 500, 501, 502, 503, 504, 513, 514, 515, 516, 517,
518, 527, 528, 529, 530, 531, 532, 541, 542, 543, 544, 780, 794, 795,
796, 797, 798, 807, 808, 809, 810, 811, 812, 821, 822, 823, 824, 825,
826, 835, 836, 837, 838, 839, 840, 1088, 1089, 1090, 1091, 1092, 1101,
1102, 1103, 1104, 1105, 1106, 1115, 1116, 1117, 1118, 1119, 1120, 1129,
1130, 1131, 1132, 1133, 1134, 1382, 1383, 1384, 1385, 1386, 1395, 1396,
1397, 1398, 1399, 1400, 1409, 1410, 1411, 1412, 1413, 1414, 1423, 1424,
1425, 1426, 1427, 1428, 1690, 1704, 1705, 1706
