*Elset, elset=poly48
85, 86, 87, 99, 100, 101, 102, 113, 114, 115, 116, 117, 127, 128, 129,
130, 131, 141, 142, 143, 144, 145, 155, 156, 157, 158, 159, 169, 170,
171, 172, 379, 380, 381, 393, 394, 395, 396, 407, 408, 409, 410, 411,
421, 422, 423, 424, 425, 435, 436, 437, 438, 439, 449, 450, 451, 452,
453, 463, 464, 465, 466, 673, 674, 687, 688, 689, 690, 701, 702, 703,
704, 705, 715, 716, 717, 718, 719, 729, 730, 731, 732, 733, 743, 744,
745, 746, 747, 759, 760, 983, 995, 996, 997, 998, 1009, 1010, 1011,
1012, 1013, 1023, 1024, 1025, 1026, 1027, 1037, 1038, 1039, 1040, 1041,
1303, 1304, 1305, 1306, 1317, 1318, 1319, 1320, 1332, 1333, 1334
