*Elset, elset=poly30
1293, 1294, 1295, 1307, 1308, 1309, 1321, 1322, 1323, 1335, 1336, 1337,
1349, 1573, 1574, 1575, 1587, 1588, 1589, 1590, 1600, 1601, 1602, 1603,
1604, 1614, 1615, 1616, 1617, 1628, 1629, 1630, 1631, 1643, 1644, 1645,
1867, 1868, 1869, 1880, 1881, 1882, 1883, 1884, 1894, 1895, 1896, 1897,
1898, 1908, 1909, 1910, 1911, 1912, 1923, 1924, 1925, 1937, 1938, 1939,
2174, 2175, 2176, 2177, 2178, 2188, 2189, 2190, 2191, 2192, 2202, 2203,
2204, 2205, 2206, 2217, 2218, 2219, 2231, 2232, 2233, 2468, 2469, 2470,
2471, 2482, 2483, 2484, 2485, 2496, 2497, 2498, 2499, 2500, 2512, 2513,
2777, 2793
