*Elset, elset=poly79
10, 11, 12, 13, 14, 24, 25, 26, 27, 28, 38, 39, 40, 41, 42, 54,
55, 56, 304, 305, 306, 307, 308, 318, 319, 320, 321, 322, 332, 333, 334,
335, 336, 347, 348, 349, 350, 598, 599, 600, 601, 602, 612, 613, 614,
615, 616, 626, 627, 628, 629, 630, 640, 641, 642, 643, 644, 658, 892,
893, 894, 895, 896, 906, 907, 908, 909, 910, 920, 921, 922, 923, 924,
934, 935, 936, 937, 938, 951, 952, 1187, 1188, 1189, 1190, 1201, 1202,
1203, 1204, 1214, 1215, 1216, 1217, 1218, 1229, 1230, 1231, 1232, 1246,
1481, 1482, 1483, 1484, 1495, 1496, 1497, 1498, 1509, 1510, 1511, 1512,
1524, 1525, 1526
