*Elset, elset=poly68
6180, 6181, 6193, 6194, 6195, 6207, 6208, 6209, 6221, 6222, 6223, 6473,
6474, 6475, 6476, 6477, 6487, 6488, 6489, 6490, 6491, 6500, 6501, 6502,
6503, 6504, 6505, 6515, 6516, 6517, 6518, 6529, 6530, 6531, 6766, 6767,
6768, 6769, 6770, 6780, 6781, 6782, 6783, 6784, 6785, 6794, 6795, 6796,
6797, 6798, 6799, 6809, 6810, 6811, 6812, 6813, 6823, 6824, 6825, 6826,
7061, 7062, 7063, 7064, 7075, 7076, 7077, 7078, 7089, 7090, 7091, 7092,
7093, 7103, 7104, 7105, 7106, 7107, 7117, 7118, 7119, 7120, 7356, 7357,
7358, 7369, 7370, 7371, 7372, 7383, 7384, 7385, 7386, 7397, 7398, 7399,
7400, 7411, 7412, 7413, 7650, 7664, 7665, 7678, 7679, 7692, 7693, 7706
