*Elset, elset=poly73
137, 138, 139, 140, 151, 152, 153, 154, 164, 165, 166, 167, 168, 178,
179, 180, 181, 182, 193, 194, 195, 196, 431, 432, 433, 434, 445, 446,
447, 448, 458, 459, 460, 461, 462, 472, 473, 474, 475, 476, 487, 488,
489, 490, 714, 725, 726, 727, 728, 739, 740, 741, 742, 752, 753, 754,
755, 756, 766, 767, 768, 769, 770, 781, 782, 783, 784, 1006, 1007, 1008,
1019, 1020, 1021, 1022, 1033, 1034, 1035, 1036, 1047, 1048, 1049, 1050,
1061, 1062, 1063, 1064, 1075, 1076, 1077, 1078, 1314, 1315, 1316, 1328,
1329, 1330, 1342, 1343, 1344, 1356, 1357, 1358, 1370, 1371, 1372, 1623,
1624, 1637, 1638, 1651, 1652
