*Elset, elset=poly18
8639, 8640, 8641, 8653, 8654, 8655, 8919, 8920, 8921, 8922, 8933, 8934,
8935, 8936, 8947, 8948, 8949, 8961, 8962, 8963, 9199, 9200, 9201, 9202,
9213, 9214, 9215, 9216, 9217, 9227, 9228, 9229, 9230, 9231, 9241, 9242,
9243, 9244, 9255, 9256, 9257, 9258, 9269, 9270, 9271, 9479, 9480, 9481,
9482, 9493, 9494, 9495, 9496, 9507, 9508, 9509, 9510, 9511, 9521, 9522,
9523, 9524, 9525, 9535, 9536, 9537, 9538, 9539, 9549, 9550, 9551, 9552,
9553, 9563, 9564, 9565, 9566, 9773, 9774, 9775, 9787, 9788, 9789, 9790,
9801, 9802, 9803, 9804, 9805, 9815, 9816, 9817, 9818, 9819, 9829, 9830,
9831, 9832, 9833, 9843, 9844, 9845, 9846, 9847, 9857, 9858, 9859, 9860,
10067, 10068, 10081, 10082, 10083, 10084, 10095, 10096, 10097, 10098,
10099, 10109, 10110, 10111, 10112, 10113, 10123, 10124, 10125, 10126,
10127, 10137, 10138, 10139, 10140, 10141, 10151, 10152, 10153, 10154
