*Elset, elset=poly74
3244, 3245, 3246, 3247, 3248, 3259, 3260, 3261, 3262, 3273, 3274, 3275,
3276, 3537, 3538, 3539, 3540, 3541, 3542, 3552, 3553, 3554, 3555, 3556,
3566, 3567, 3568, 3569, 3570, 3580, 3581, 3830, 3831, 3832, 3833, 3834,
3835, 3836, 3845, 3846, 3847, 3848, 3849, 3850, 3859, 3860, 3861, 3862,
3863, 3864, 3874, 3875, 3876, 3877, 3878, 4124, 4125, 4126, 4127, 4128,
4129, 4130, 4138, 4139, 4140, 4141, 4142, 4143, 4144, 4153, 4154, 4155,
4156, 4157, 4158, 4168, 4169, 4170, 4171, 4172, 4419, 4420, 4421, 4422,
4423, 4424, 4433, 4434, 4435, 4436, 4437, 4438, 4447, 4448, 4449, 4450,
4451, 4452, 4462, 4463, 4464, 4465, 4714, 4715, 4716, 4717, 4718, 4728,
4729, 4730, 4731, 4732, 4742, 4743, 4744, 4745, 4746, 5009, 5010, 5023
