*Elset, elset=poly87
2439, 2453, 2467, 2717, 2718, 2719, 2731, 2732, 2733, 2734, 2745, 2746,
2747, 2748, 2759, 2760, 2761, 2762, 2763, 2773, 2774, 2775, 2776, 2997,
2998, 2999, 3000, 3011, 3012, 3013, 3014, 3025, 3026, 3027, 3028, 3029,
3039, 3040, 3041, 3042, 3043, 3053, 3054, 3055, 3056, 3067, 3068, 3069,
3070, 3291, 3292, 3293, 3294, 3295, 3305, 3306, 3307, 3308, 3309, 3319,
3320, 3321, 3322, 3323, 3333, 3334, 3335, 3336, 3347, 3348, 3349, 3350,
3585, 3586, 3587, 3588, 3599, 3600, 3601, 3602, 3613, 3614, 3615, 3616,
3617, 3627, 3628, 3629, 3630, 3641, 3642, 3643, 3644, 3893, 3894, 3895,
3896, 3907, 3908, 3909, 3910, 3921, 3922, 3923, 3924
