*Elset, elset=poly65
183, 184, 185, 186, 197, 198, 199, 200, 211, 212, 213, 214, 215, 225,
226, 227, 228, 239, 240, 477, 478, 479, 480, 491, 492, 493, 494, 505,
506, 507, 508, 509, 519, 520, 521, 522, 533, 534, 547, 757, 758, 771,
772, 773, 774, 785, 786, 787, 788, 799, 800, 801, 802, 803, 813, 814,
815, 816, 817, 827, 828, 829, 841, 1051, 1052, 1053, 1054, 1065, 1066,
1067, 1068, 1079, 1080, 1081, 1082, 1083, 1093, 1094, 1095, 1096, 1097,
1107, 1108, 1109, 1110, 1111, 1121, 1122, 1123, 1348, 1359, 1360, 1361,
1362, 1373, 1374, 1375, 1376, 1387, 1388, 1389, 1390, 1401, 1402, 1403,
1404, 1681, 1682, 1683
