*Nset, nset=x0, instance=Part-1-1 
1, 16, 31, 46, 61, 76, 91, 106, 121, 136, 151, 166, 181, 196, 211, 226,
241, 256, 271, 286, 301, 316, 331, 346, 361, 376, 391, 406, 421, 436,
451, 466, 481, 496, 511, 526, 541, 556, 571, 586, 601, 616, 631, 646,
661, 676, 691, 706, 721, 736, 751, 766, 781, 796, 811, 826, 841, 856,
871, 886, 901, 916, 931, 946, 961, 976, 991, 1006, 1021, 1036, 1051,
1066, 1081, 1096, 1111, 1126, 1141, 1156, 1171, 1186, 1201, 1216, 1231,
1246, 1261, 1276, 1291, 1306, 1321, 1336, 1351, 1366, 1381, 1396, 1411,
1426, 1441, 1456, 1471, 1486, 1501, 1516, 1531, 1546, 1561, 1576, 1591,
1606, 1621, 1636, 1651, 1666, 1681, 1696, 1711, 1726, 1741, 1756, 1771,
1786, 1801, 1816, 1831, 1846, 1861, 1876, 1891, 1906, 1921, 1936, 1951,
1966, 1981, 1996, 2011, 2026, 2041, 2056, 2071, 2086, 2101, 2116, 2131,
2146, 2161, 2176, 2191, 2206, 2221, 2236, 2251, 2266, 2281, 2296, 2311,
2326, 2341, 2356, 2371, 2386, 2401, 2416, 2431, 2446, 2461, 2476, 2491,
2506, 2521, 2536, 2551, 2566, 2581, 2596, 2611, 2626, 2641, 2656, 2671,
2686, 2701, 2716, 2731, 2746, 2761, 2776, 2791, 2806, 2821, 2836, 2851,
2866, 2881, 2896, 2911, 2926, 2941, 2956, 2971, 2986, 3001, 3016, 3031,
3046, 3061, 3076, 3091, 3106, 3121, 3136, 3151, 3166, 3181, 3196, 3211,
3226, 3241, 3256, 3271, 3286, 3301, 3316, 3331, 3346, 3361, 3376, 3391,
3406, 3421, 3436, 3451, 3466, 3481, 3496, 3511, 3526, 3541, 3556, 3571,
3586, 3601, 3616, 3631, 3646, 3661, 3676, 3691, 3706, 3721, 3736, 3751,
3766, 3781, 3796, 3811, 3826, 3841, 3856, 3871, 3886, 3901, 3916, 3931,
3946, 3961, 3976, 3991, 4006, 4021, 4036, 4051, 4066, 4081, 4096, 4111,
4126, 4141, 4156, 4171, 4186, 4201, 4216, 4231, 4246, 4261, 4276, 4291,
4306, 4321, 4336, 4351, 4366, 4381, 4396, 4411, 4426, 4441, 4456, 4471,
4486, 4501, 4516, 4531, 4546, 4561, 4576, 4591, 4606, 4621, 4636, 4651,
4666, 4681, 4696, 4711, 4726, 4741, 4756, 4771, 4786, 4801, 4816, 4831,
4846, 4861, 4876, 4891, 4906, 4921, 4936, 4951, 4966, 4981, 4996, 5011,
5026, 5041, 5056, 5071, 5086, 5101, 5116, 5131, 5146, 5161, 5176, 5191,
5206, 5221, 5236, 5251, 5266, 5281, 5296, 5311, 5326, 5341, 5356, 5371,
5386, 5401, 5416, 5431, 5446, 5461, 5476, 5491, 5506, 5521, 5536, 5551,
5566, 5581, 5596, 5611, 5626, 5641, 5656, 5671, 5686, 5701, 5716, 5731,
5746, 5761, 5776, 5791, 5806, 5821, 5836, 5851, 5866, 5881, 5896, 5911,
5926, 5941, 5956, 5971, 5986, 6001, 6016, 6031, 6046, 6061, 6076, 6091,
6106, 6121, 6136, 6151, 6166, 6181, 6196, 6211, 6226, 6241, 6256, 6271,
6286, 6301, 6316, 6331, 6346, 6361, 6376, 6391, 6406, 6421, 6436, 6451,
6466, 6481, 6496, 6511, 6526, 6541, 6556, 6571, 6586, 6601, 6616, 6631,
6646, 6661, 6676, 6691, 6706, 6721, 6736, 6751, 6766, 6781, 6796, 6811,
6826, 6841, 6856, 6871, 6886, 6901, 6916, 6931, 6946, 6961, 6976, 6991,
7006, 7021, 7036, 7051, 7066, 7081, 7096, 7111, 7126, 7141, 7156, 7171,
7186, 7201, 7216, 7231, 7246, 7261, 7276, 7291, 7306, 7321, 7336, 7351,
7366, 7381, 7396, 7411, 7426, 7441, 7456, 7471, 7486, 7501, 7516, 7531,
7546, 7561, 7576, 7591, 7606, 7621, 7636, 7651, 7666, 7681, 7696, 7711,
7726, 7741, 7756, 7771, 7786, 7801, 7816, 7831, 7846, 7861, 7876, 7891,
7906, 7921, 7936, 7951, 7966, 7981, 7996, 8011, 8026, 8041, 8056, 8071,
8086, 8101, 8116, 8131, 8146, 8161, 8176, 8191, 8206, 8221, 8236, 8251,
8266, 8281, 8296, 8311, 8326, 8341, 8356, 8371, 8386, 8401, 8416, 8431,
8446, 8461, 8476, 8491, 8506, 8521, 8536, 8551, 8566, 8581, 8596, 8611,
8626, 8641, 8656, 8671, 8686, 8701, 8716, 8731, 8746, 8761, 8776, 8791,
8806, 8821, 8836, 8851, 8866, 8881, 8896, 8911, 8926, 8941, 8956, 8971,
8986, 9001, 9016, 9031, 9046, 9061, 9076, 9091, 9106, 9121, 9136, 9151,
9166, 9181, 9196, 9211, 9226, 9241, 9256, 9271, 9286, 9301, 9316, 9331,
9346, 9361, 9376, 9391, 9406, 9421, 9436, 9451, 9466, 9481, 9496, 9511,
9526, 9541, 9556, 9571, 9586, 9601, 9616, 9631, 9646, 9661, 9676, 9691,
9706, 9721, 9736, 9751, 9766, 9781, 9796, 9811, 9826, 9841, 9856, 9871,
9886, 9901, 9916, 9931, 9946, 9961, 9976, 9991, 10006, 10021, 10036,
10051, 10066, 10081, 10096, 10111, 10126, 10141, 10156, 10171, 10186,
10201, 10216, 10231, 10246, 10261, 10276, 10291, 10306, 10321, 10336,
10351, 10366, 10381, 10396, 10411, 10426, 10441, 10456, 10471, 10486,
10501, 10516, 10531, 10546, 10561, 10576, 10591, 10606, 10621, 10636,
10651, 10666, 10681, 10696, 10711, 10726, 10741, 10756, 10771, 10786,
10801, 10816, 10831, 10846, 10861, 10876, 10891, 10906, 10921, 10936,
10951, 10966, 10981, 10996, 11011, 11026, 11041, 11056, 11071, 11086,
11101, 11116, 11131, 11146, 11161, 11176, 11191, 11206, 11221, 11236,
11251, 11266, 11281, 11296, 11311, 11326, 11341, 11356, 11371, 11386,
11401, 11416, 11431, 11446, 11461, 11476, 11491, 11506, 11521, 11536,
11551, 11566, 11581, 11596, 11611, 11626, 11641, 11656, 11671, 11686,
11701, 11716, 11731, 11746, 11761, 11776, 11791, 11806, 11821, 11836,
11851, 11866
