*Nset, nset=y0, instance=Part-1-1 
1, 2, 3, 4, 5, 6, 7, 8, 9, 10, 11, 12, 13, 14, 15, 331,
332, 333, 334, 335, 336, 337, 338, 339, 340, 341, 342, 343, 344, 345,
661, 662, 663, 664, 665, 666, 667, 668, 669, 670, 671, 672, 673, 674,
675, 991, 992, 993, 994, 995, 996, 997, 998, 999, 1000, 1001, 1002,
1003, 1004, 1005, 1321, 1322, 1323, 1324, 1325, 1326, 1327, 1328, 1329,
1330, 1331, 1332, 1333, 1334, 1335, 1651, 1652, 1653, 1654, 1655, 1656,
1657, 1658, 1659, 1660, 1661, 1662, 1663, 1664, 1665, 1981, 1982, 1983,
1984, 1985, 1986, 1987, 1988, 1989, 1990, 1991, 1992, 1993, 1994, 1995,
2311, 2312, 2313, 2314, 2315, 2316, 2317, 2318, 2319, 2320, 2321, 2322,
2323, 2324, 2325, 2641, 2642, 2643, 2644, 2645, 2646, 2647, 2648, 2649,
2650, 2651, 2652, 2653, 2654, 2655, 2971, 2972, 2973, 2974, 2975, 2976,
2977, 2978, 2979, 2980, 2981, 2982, 2983, 2984, 2985, 3301, 3302, 3303,
3304, 3305, 3306, 3307, 3308, 3309, 3310, 3311, 3312, 3313, 3314, 3315,
3631, 3632, 3633, 3634, 3635, 3636, 3637, 3638, 3639, 3640, 3641, 3642,
3643, 3644, 3645, 3961, 3962, 3963, 3964, 3965, 3966, 3967, 3968, 3969,
3970, 3971, 3972, 3973, 3974, 3975, 4291, 4292, 4293, 4294, 4295, 4296,
4297, 4298, 4299, 4300, 4301, 4302, 4303, 4304, 4305, 4621, 4622, 4623,
4624, 4625, 4626, 4627, 4628, 4629, 4630, 4631, 4632, 4633, 4634, 4635,
4951, 4952, 4953, 4954, 4955, 4956, 4957, 4958, 4959, 4960, 4961, 4962,
4963, 4964, 4965, 5281, 5282, 5283, 5284, 5285, 5286, 5287, 5288, 5289,
5290, 5291, 5292, 5293, 5294, 5295, 5611, 5612, 5613, 5614, 5615, 5616,
5617, 5618, 5619, 5620, 5621, 5622, 5623, 5624, 5625, 5941, 5942, 5943,
5944, 5945, 5946, 5947, 5948, 5949, 5950, 5951, 5952, 5953, 5954, 5955,
6271, 6272, 6273, 6274, 6275, 6276, 6277, 6278, 6279, 6280, 6281, 6282,
6283, 6284, 6285, 6601, 6602, 6603, 6604, 6605, 6606, 6607, 6608, 6609,
6610, 6611, 6612, 6613, 6614, 6615, 6931, 6932, 6933, 6934, 6935, 6936,
6937, 6938, 6939, 6940, 6941, 6942, 6943, 6944, 6945, 7261, 7262, 7263,
7264, 7265, 7266, 7267, 7268, 7269, 7270, 7271, 7272, 7273, 7274, 7275,
7591, 7592, 7593, 7594, 7595, 7596, 7597, 7598, 7599, 7600, 7601, 7602,
7603, 7604, 7605, 7921, 7922, 7923, 7924, 7925, 7926, 7927, 7928, 7929,
7930, 7931, 7932, 7933, 7934, 7935, 8251, 8252, 8253, 8254, 8255, 8256,
8257, 8258, 8259, 8260, 8261, 8262, 8263, 8264, 8265, 8581, 8582, 8583,
8584, 8585, 8586, 8587, 8588, 8589, 8590, 8591, 8592, 8593, 8594, 8595,
8911, 8912, 8913, 8914, 8915, 8916, 8917, 8918, 8919, 8920, 8921, 8922,
8923, 8924, 8925, 9241, 9242, 9243, 9244, 9245, 9246, 9247, 9248, 9249,
9250, 9251, 9252, 9253, 9254, 9255, 9571, 9572, 9573, 9574, 9575, 9576,
9577, 9578, 9579, 9580, 9581, 9582, 9583, 9584, 9585, 9901, 9902, 9903,
9904, 9905, 9906, 9907, 9908, 9909, 9910, 9911, 9912, 9913, 9914, 9915,
10231, 10232, 10233, 10234, 10235, 10236, 10237, 10238, 10239, 10240,
10241, 10242, 10243, 10244, 10245, 10561, 10562, 10563, 10564, 10565,
10566, 10567, 10568, 10569, 10570, 10571, 10572, 10573, 10574, 10575,
10891, 10892, 10893, 10894, 10895, 10896, 10897, 10898, 10899, 10900,
10901, 10902, 10903, 10904, 10905, 11221, 11222, 11223, 11224, 11225,
11226, 11227, 11228, 11229, 11230, 11231, 11232, 11233, 11234, 11235,
11551, 11552, 11553, 11554, 11555, 11556, 11557, 11558, 11559, 11560,
11561, 11562, 11563, 11564, 11565
